111			32 ( )
1101			116 (t)
1100			111 (o)
1011			110 (n)
1010			105 (i)
1001			101 (e)
1000			97 (a)
01111			115 (s)
01110			114 (r)
01101			108 (l)
01100			104 (h)
01011			100 (d)
01010			10
010011			121 (y)
010010			117 (u)
010001			112 (p)
010000			109 (m)
001111			103 (g)
001110			102 (f)
001101			99 (c)
001100			9
0010111			119 (w)
0010110			118 (v)
0010101			98 (b)
0010100			46 (.)
0010011			45 (-)
0010010			44 (,)
0010001			42 (*)
0010000			41 ())
0001111			40 (()
00011101		120 (x)
00011100		107 (k)
00011011		84 (T)
00011010		83 (S)
00011001		73 (I)
00011000		65 (A)
00010111		61 (=)
00010110		59 (;)
00010101		58 (:)
00010100		49 (1)
00010011		48 (0)
00010010		47 (/)
00010001		39 (')
00010000		34 (")
00001111		33 (!)
000011101		125 (})
000011100		123 ({)
000011011		95 (_)
000011010		82 (R)
000011001		80 (P)
000011000		79 (O)
000010111		78 (N)
000010110		77 (M)
000010101		76 (L)
000010100		70 (F)
000010011		69 (E)
000010010		68 (D)
000010001		67 (C)
000010000		66 (B)
000001111		62 (>)
000001110		53 (5)
000001101		52 (4)
000001100		51 (3)
000001011		50 (2)
0000010101		122 (z)
0000010100		113 (q)
0000010011		106 (j)
0000010010		93 (])
0000010001		91 ([)
0000010000		87 (W)
0000001111		85 (U)
0000001110		72 (H)
0000001101		71 (G)
0000001100		63 (?)
0000001011		57 (9)
0000001010		56 (8)
0000001001		55 (7)
0000001000		54 (6)
0000000111		43 (+)
0000000110		35 (#)
00000001011		124 (|)
00000001010		92 (\)
00000001001		89 (Y)
00000001000		88 (X)
00000000111		86 (V)
00000000110		75 (K)
00000000101		74 (J)
00000000100		60 (<)
00000000011		38 (&)
00000000010		37 (%)
000000000011		64 (@)
000000000010		36 ($)
0000000000011		126 (~)
0000000000010		94 (^)
0000000000001		90 (Z)
00000000000001		81 (Q)
000000000000001		96 (`)
0000000000000000	8
15 secondary tables used
/uc1/ka/t/unpack: /tmp/kax: unpacked

real     1:01.2
user       19.0
sys         5.6
